|| file : sezione_multistrato.dat
|| Modello: Sezione multistrato corretta da DWG sbagliato. ERR A risolto: nodo a comune topo/strato2_top inserito. ERR B risolto: falda estesa fino a estremo destro topografica.
|
## 1 ---------------------------
	5.0000    30.0000
	83.7220   103.9148
	229.2385   130.1426
	324.6591   196.9043
	405.7666   239.8226
	515.5004   254.1287
	732.5823   299.4313
	770.7505   356.6556
	935.3511   425.8017
	1138.1200   454.4139
	1293.1785   483.0260
	1448.2370   511.6382
	1493.5618   645.1617
	1667.7045   714.3077
	1817.9919   730.9982
	2047.0014   752.4573
	2328.4923   740.5356
	2540.8032   745.3043
	2712.5603   769.1477
## 2 ---------------------------
	1293.1785   483.0260
	1729.7279   440.1078
	2039.8449   490.1791
	2349.9619   499.7165
	2614.7542   473.4886
	2681.5486   475.8730
	2712.5603   475.8730
## 3 ---------------------------
	515.5004   254.1287
	637.1617   223.1321
	839.9305   254.1287
	1078.4821   249.3600
	1157.2041   339.9652
	1436.3094   390.0365
	1646.2348   390.0365
	1729.7279   440.1078
	1293.1785   483.0260
	1138.1200   454.4139
	935.3511   425.8017
	770.7505   356.6556
	732.5823   299.4313
	515.5004   254.1287
